Test :  example1

{((0, 1), (0, 1)): -19999999.0, ((1, 1), (1, 1)): -19999999.0, ((0, 1), (1, 1)): 10000000.0, ((1, 1), (0, 1)): 10000000.0, ((0, 2), (0, 2)): -19999999.0, ((1, 2), (1, 2)): -19999999.0, ((0, 2), (1, 2)): 10000000.0, ((1, 2), (0, 2)): 10000000.0, ((0, 0), (0, 0)): -10000000.0, ((0, 1), (0, 2)): 10000000.0, ((0, 1), (0, 0)): 10000000.0, ((0, 2), (0, 1)): 10000000.0, ((0, 2), (0, 0)): 10000000.0, ((0, 0), (0, 1)): 10000000.0, ((0, 0), (0, 2)): 10000000.0, ((1, 0), (1, 0)): -10000000.0, ((1, 1), (1, 2)): 10000000.0, ((1, 1), (1, 0)): 10000000.0, ((1, 2), (1, 1)): 10000000.0, ((1, 2), (1, 0)): 10000000.0, ((1, 0), (1, 1)): 10000000.0, ((1, 0), (1, 2)): 10000000.0, ((0, 1), (1, 2)): 1.0, ((0, 1), (1, 0)): 1.0, ((0, 2), (1, 1)): 1.0, ((0, 2), (1, 0)): 1.0, ((0, 0), (1, 1)): 1.0, ((0, 0), (1, 2)): 1.0, ((0, 0), (1, 0)): 0.0}

{'qpu_access_time': 44271, 'charge_time': 2993548, 'run_time': 2993548, 'problem_id': '6e784aff-8afc-4fae-a27a-e92cb9f0decc'}

<bound method SampleSet.samples of SampleSet(rec.array([([0, 1, 0, 0, 0, 1], -40000000., 1)],
          dtype=[('sample', '<i4', (6,)), ('energy', '<f8'), ('num_occurrences', '<i8')]), Variables([(0, 0), (0, 1), (0, 2), (1, 0), (1, 1), (1, 2)]), {'qpu_access_time': 44271, 'charge_time': 2993548, 'run_time': 2993548, 'problem_id': '6e784aff-8afc-4fae-a27a-e92cb9f0decc'}, 'BINARY')>
          
Solution :  [[0, 1, 2, 0]]
Total cost :  3

